//key money boolean(general store) - Name - item quantity and repeat
1 995 true - Herb Store - 199 500 201 500 203 500 205 500 207 500 209 500 211 500 213 500 215 500 217 500 219 500 221 500 235 500 225 500 223 500 239 500 231 500 227 200000
2 995 false - Bones N Axes N Gems - 946 50 526 1000 532 700 534 500 3125 250 18830 9999 1349 50 1351 50 1353 1361 50 50 1355 50 1357 50 1359 50 13661 10 590 50 1755 20 1617 5000 1619 5000 1621 5000 1623 5000 1625 5000 1627 5000 1631 5000 6571 5000
3 995 false - Mining Supplies - 1265 50 1267 50 1269 50 1271 50 1273 50 1275 50 436 500 438 500 440 500 442 500 444 500 447 500 449 500 451 500 2347 10
4 995 true - Fishing Supplies - 301 10 303 10 305 10 307 10 309 10 311 10 313 5000 314 5000 321 20 363 20 341 20 15264 20 345 10 377 10 353 10 389 10 7944 10 349 10 331 10 327 10 395 10 401 10 383 10 317 10 371 10 335 10 359 10 407 10 15270 250 15272 1000
12 995 true - Shop of Glorious Armour - 16677 100 16699 100 17247 100 17349 100 16683 100 16705 100 17243 100 17355 100 1069 100 1119 100 1157 100 1193 100 1073 100 1123 100 1161 100 1199 100 1079 100 1127 100 1163 100 1201 100 1187 100 1540 100 4087 100 3140 100
13 995 true - Shop of Wonderous Armour - 6106 100 6107 100 6108 100 6109 100 6111 100 16737 100 16847 100 17219 100 16913 100 17153 100 16751 100 16861 100 16927 100 17169 100 17233 100 4089 100 4091 100 4093 100 4095 100 4097 100
14 995 true - Shop of Great Armour - 17047 100 17179 100 17201 100 17303 100 17325 100 17055 100 17178 100 17209 100 17311 100 17333 100 1065 100 1099 100 1135 100 2491 100 2497 100 2503 100
15 995 true - Shop of Glorious Weapons - 1312 100 1325 100 1317 100 1331 100 1319 100 1333 100 4587 100 3204 100 7518 100 4151 100 16407 100 16891 100 116937 100 16413 100 16897 100 16943 100
16 995 true - Shop Of Wonderous Magics - 554 100000 555 100000 556 100000 557 100000 558 100000 559 100000 560 100000 561 100000 562 100000 563 100000 564 100000 565 100000 566 100000 1381 10 1383 10 1385 10 1387 10 4675 10 7936 1000000000 7936 1000000000
17 995 true - Shop Of Great Accuracy - 841 10 843 10 849 10 853 10 857 10 861 10 882 500 884 500 886 500 888 500 890 500 892 500 11212 5000 11217 5000 9244 500000 9245 500000 9342 500000
22 995 false - Specialty Potions - 145 50 157 50 163 50 181 50 3024 50 15300 10 6685 50 15332 10 13101 50 24108 20 24110 20 24112 20 24114 20 24145 3 24146 3 15492 5 22528 5 22534 5 22540 5 22546 5
23 995 false - Dragon's Guise - 1377 100 1434 100 1540 50 4587 20 4087 50 4585 50 11335 50 11732 50 13006 50 14479 50 19341 50 19342 50 19343 50 19344 50 19345 50 19336 50 19337 50 19338 50 19339 50 19340 50 19281 10 19284 10 19287 10 19290 10 19293 10 19296 10 19299 10 19302 10 19305 10
24 995 false - Defenders Domain - 8844 500 8845 500 8846 500 8847 500 8848 500 8849 500 8850 500 17273 500 20072 500
25 995 false - Summoning Pouches Galore - 12007 50 12009 50 12011 50 12013 50 12015 50 12017 50 12019 50 12021 50 12023 50 12025 20 12027 50 12029 50 12031 50 12033 50 12035 50 12037 50 12039 50 12041 50 12043 50 12045 50 12047 50 12049 50 12051 50 12053 50 12055 50 12057 50 12059 50 12061 50
26 995 false - Summoning Pouches Galore 2 - 12063 50 12065 50 12067 50 12069 50 12071 50 12073 50 12075 50 12077 50 12079 50 12081 50 12083 50 12085 50 12087 50 12089 50 12091 50 12093 50 12095 50 12097 50 12099 50 12101 50 12103 50 12105 50 12107 50 12123 50
27 995 false - Specialty Armors - 
29 995 false - Hunters Wonderments - 10031 50 10008 50 10006 50 10034 50 10092 100 12184 100 12487 100 12201 100 10088 100 1583 100 10091 100 10089 100 11525 100 3226 1000
30 995 false - Fine Jewelry And Equipment - 11090 25 2550 25 2570 25 15017 25 6585 25 10887 25 14484 25 11730 5
31 995 false - Under Construction - 1 100
32 995 false - Skillcape Shop - 9748 100 9751 100 9754 100 9757 100 9760 100 9763 100 9766 100 9769 100 9772 100 9775 100 9778 100 9781 100 9784 100 9787 100 9790 100 9793 100 9796 100 9799 100 9802 100 9805 100 9808 100 9811 100 9949 100 12170 100 18509 100 1052 100 6568 100
33 995 false - Capes Of Fun - 20763 100 20765 100 20767 100 20769 100 20771 100
34 995 false - Ttbudzbudz Picks - 18355 5000 22361 5000 21787 5000 21790 5000 21793 5000 21777 5000 11720 5000 11722 5000 21773 5000 13887 5000 13893 5000 13896 5000 22482 5000 22486 5000 22490 5000 4716 5000 4718 5000 4720 5000 4722 5000 10394 5000 2637 5000 15018 5000 15220 5000 15020 5000 15019 5000 1989 5000 13738 5000 11700 5000
35 995 false - Loyalty Store - 20958 150000 22268 150000 20962 150000 22270 150000 20967 150000 22272 150000 22280 150000 22282 150000 22284 150000 22286 150000 20966 150000 22274 150000 20965 150000 22276 150000 22288 150000 22290 150000 22292 150000 22294 150000 22300 150000 22296 150000 22298 150000 22302 150000
36 995 false - Pet Store - 12196 150000 21512 150000
76 4691 false - Vote Store - 1053 10000 1055 10000 1057 10000 22985 10000 20929 10000 23673 10000 23912 100 23922 100 23932 100 23942 100 23952 100 21969 100 21979 100 21989 100 21999 100 15441 100 15442 100 15443 100 15444 100 15701 100 15702 100 15704 100 15704 100 18744 100 18745 100 18746 100
89 18201 false - Dungeoneering shop - 18333 100 18334 100 18335 100 18337 100 18347 100 18349 100 18351 100 18353 100 18355 100 18357 100 18359 100 18361 100 18363 100 18365 100 18367 100 18369 100 18371 100 18373 100 19893 100 19669 100